674314254732931072	1
554688527435563008	1
648894687542034432	1
689922870689009664	0
672432930426372096	1
691027026552229888	0
763964234774347776	0
613016993692798977	1
539833716852273152	1
693060960001597440	0
692368829368918017	0
699252269414354944	0
767737100347191297	0
387041762331471872	1
539115704285270017	1
690915657106526208	0
693098795022725120	0
692023855926374400	0
693673606279229440	0
524191650420367360	1
645362146415525888	1
690145844318834689	0
387233034350514176	1
693181857261719553	0
651825062174195712	1
520244836084228096	1
514495841600811009	1
80080680482123777	1
693586539562037248	0
661102820976930816	1
766307327922335745	0
767668607803359234	0
489802446001434625	1
656202544331517952	1
553040930144792576	1
691351064868732928	0
514508854990999553	1
693512850539683842	0
692506143147606016	0
613294443878305796	1
551117430345711616	1
688281442162352128	0
693600369281253376	0
618805892222468096	1
501774251901198336	1
514062859987595264	1
640107106943766528	1
538729383662338049	1
693466451081060353	0
682895395077373952	0
767803368081358848	0
692047663211085825	0
489798752438583297	1
490080544949276672	1
693355140284334081	0
523558773345255424	1
693102420688121856	0
684878165714563072	0
687274510643511296	0
504419526998360064	1
534303066867367937	1
688819658057740290	0
537378640653475841	1
659462980476637184	1
690431187916099584	0
641430951403343872	1
693523133920342016	0
501760566160289794	1
692391757775028228	0
538724882461097986	1
435998882250899456	1
692838430783332357	0
658065957823324160	1
489794369487380480	1
692082861525078017	0
495365942726381568	1
693214543615561729	0
676870737932742656	1
693465666259656705	0
692892472729415680	0
675434959939756032	0
693818562981421056	0
693925198630821889	0
658259426172891136	1
489820657291911168	1
693534670428971008	0
672219174463275008	1
767528171520524288	0
538166788484509696	1
538760398003253248	1
666810213274689537	1
334722003057647616	1
693160939802214400	0
369506008172740608	1
765631087867367426	0
659428447459110912	1
665358434351509504	1
553008832784642048	1
505657661120348163	1
692099058811453440	0
767768054163996672	0
561952533942661120	1
642145732435292160	1
693618217667928068	0
767580827513397252	0
534763214106820608	1
665575674485211136	1
658786161733734400	1
547509900130021377	1
489833932813516800	1
693811101146963968	0
507354546041925632	1
693826104633737217	0
693821069879160832	0
523123023646175233	1
514540926640087040	1
524289058290159616	1
767541796410839040	0
516636338679197697	1
676970570160988160	0
531108688749404160	1
678277910537588737	0
693141729529184256	0
766358933296517121	0
693402634011701248	0
515918632178577408	1
547158281005719552	1
661120256732041216	1
692374052082708480	0
766989078294306816	0
761355585724055553	0
693476774462820352	0
489836271049928704	1
687639526282498049	0
501474962935648256	1
693729678306189313	0
514483762566922240	1
693443289370882049	0
690985215691354112	0
693087220459270144	0
510286132568150016	1
542600886653292545	1
693471161313816576	0
766299795833102336	0
686422922894815233	0
544457299667202048	1
693804630615166977	0
568452856224747520	1
689798164287741953	0
766541461189832704	0
672513234419638273	1
692405195796529152	0
693629498177253376	0
689719109785907200	0
693893182338289664	0
693234925252775936	0
693840291992838147	0
524227209976745984	1
693853310479155200	0
524317344730869760	1
692376812022792196	0
519868410599993344	1
693554344298467328	0
675193315306905600	1
672632899921833984	1
356297080169447425	1
665302351742275584	0
693524179597955072	0
676120162018451456	1
692063305297453060	0
523555724807262208	1
528240834660298753	1
693629063932596224	0
692927739066740741	0
693236688538243074	0
622891631293935616	1
351767344097398785	1
692932696645865472	0
767223774072676354	0
693869818366287872	0
693265096278163456	0
761675705956655109	0
519962130859429888	1
356437941641416705	1
766299560415223808	0
365052155385749505	1
686421576904916992	0
686701278785843200	0
692163879909064704	0
693091255685787648	0
766719302401613825	0
765612862681255936	0
377002232257855488	1
532559937269166080	1
692826642583019521	0
693068611951300608	0
620835698514464768	1
693082547664883712	0
553960736964476928	1
673686233936072704	1
673581371458199552	1
688004802245214208	0
514081464171102208	1
519375764165509121	1
767710245779103744	0
652992524504600576	1
688021039322894336	0
767218194385866752	0
652783670370115585	1
765359928361922560	0
554655549896159233	1
692491478619262976	0
523535962962280448	1
669613420665159680	1
387050178932654080	1
686527768327274497	0
692924229017309184	0
693533469922693120	0
622858454949040128	1
372914976102834176	1
547807913671405568	1
693912520923295745	0
634404792241143809	1
693411834808946688	0
765141361033109504	0
356310469390245888	1
692925396292091905	0
663385747177775105	1
534445263528947712	1
552112474913136641	1
504500863944376321	1
654351281260113920	1
693622130735484929	0
693284114724700160	0
668144671772778497	1
495366618818830336	1
633961125126668288	1
761381302260031489	0
370855596050108416	1
689860942671130624	0
692911086920667136	0
553186555150749696	1
532259028152246272	1
767459987476054016	0
767463109778894848	0
692071267189395457	0
682996350909157376	0
672902686380003328	1
690676539323740161	0
693806234026188801	0
691616143161819136	0
553099685888790528	1
661870323034431489	1
549124560793374720	1
638047610973089793	1
520338188213444608	1
672553813249826816	0
428366153149194240	1
693162950358622208	0
529088963420909569	1
693554007785234432	0
693528374996652032	0
693670046497935361	0
687673284436082689	0
691656866972209152	0
519965814175567872	1
690580180805509121	0
532255606623989760	1
521663202183348224	1
672906198434209792	1
766323684076322816	0
766638613320859648	0
525711899359318016	1
528976109518721024	1
692745861978263552	0
693843042546106369	0
766822417712963584	0
692803280238419971	0
568589712644026368	1
692840850141753347	0
767444114229059584	0
549599086073368576	1
539052152602107904	1
684488313512800256	0
557621135320178688	1
693131575261659137	0
524168442841010176	1
656955120626880512	1
550038665653542913	1
357300409292959744	1
436089462326849536	1
505369323922522113	1
663515735231062016	1
673664899571060736	1
645356735545364480	1
532284428542681088	1
489872500462190593	1
692691444046372865	0
641666167992647681	0
693126696132804608	0
693059995013742592	0
682548344690970624	0
691632238035886081	0
532206910796468224	1
693696168908423168	0
692745208421679104	0
692083780123783172	0
691410231549530112	0
644321231618076673	0
692742353736568833	0
559863517151784960	1
672180526946656256	1
767814876433571840	0
656818921979310081	1
489902412900343809	1
687409983139495939	0
490136764619948032	1
501781217411215360	1
504478567062056962	1
656629493377990656	1
663925546812837888	1
690174644071047168	0
538851683141304320	1
518830518792892416	1
767154835993063425	0
666633171325353989	1
501768276523761666	1
514546272972574721	1
693658242044542976	0
667379734343471104	1
692150118921957376	0
761573188543229952	0
348209998565879810	1
687537772970684417	0
554979642210549760	1
690954487322796032	0
626901072209121282	1
659439879701602304	1
692105324111761408	0
547803254516490240	1
513922322915282945	1
693606934050684928	0
532007252677656576	1
764158239089029120	0
672488384695279616	1
501785003144273921	1
764473554431725568	0
612438528803213312	1
531833233143783424	1
505611045897924608	1
655986243042459648	1
693013768738115584	0
690926324903317504	0
693102023764492288	0
693573042111270912	0
693441093048766464	0
568568737621630977	1
693239731031683072	0
687748306571804672	0
689267711856263168	0
534543768653807618	1
691976624665919488	0
692816955837804544	0
689529955294777344	0
489836441120145408	1
693203974388895744	0
655080266784968705	1
537377960471166976	1
613393657161510913	1
693200309955469312	0
560207034545889281	1
692753210692476928	0
643103859729166337	1
693071538896162816	0
524881688825167872	1
326137285450018817	1
681199637387149313	0
767823175480647681	0
692890520960397312	0
693485676881403905	0
653250169752977408	1
519935535083565056	1
665379967757324288	1
651858133304782848	0
535252460148113409	1
554886875303780352	1
692031514943582208	0
692106491365605376	0
693087256727388161	0
387021726007042051	1
531900034863091712	1
689661418484994049	0
366205297557110784	1
691600834707247104	0
521533372280369152	1
514067907475959808	1
514535408126795776	1
667534186450825216	1
767807335691653120	0
671181758692507648	1
690670464440504320	0
693935557009801218	0
534678919656775680	1
553136604882014208	1
674080899055546368	1
553016500492439552	1
693771953648373760	0
673611867181473792	1
692113799546048513	0
516804849619705859	1
513015596879867904	1
764753085675761664	0
766452700049473536	0
693866093123915776	0
672828403016429568	1
535507913226190849	1
521496155310796800	1
688752927381581824	0
687734662249246724	0
504652021601800193	1
634665777400950784	1
767515401831997440	0
693240976970752004	0
532239131540467712	1
613023744454475776	1
693897857376632832	0
528341588867416064	1
642432477185867776	1
489975398151618560	1
693135382309896192	0
674244561519161344	1
387006553124896768	1
518620083342835712	1
572002458647412736	1
524320261667950592	1
687984820815851521	0
692410832307818497	0
693484841011060737	0
661184793342775296	0
489796088338341888	1
489800427152879616	1
521821037726797824	1
614054616154550273	1
693855615618322432	0
387009577763360768	1
618804516578680832	1
692082592380751874	0
693792605755285504	0
693824042164436992	0
504830161993609216	1
693456187036037123	0
387010299536355328	1
693272659447119873	0
692157602554343424	0
692701223326056449	0
693804277031157761	0
688814621034213376	0
656834590779289600	1
673615263040798726	1
295944137948151809	1
693122199536934912	0
455525437351800832	1
521717368264093696	1
553098571323437056	1
521789009576476673	1
761027420849745920	0
506656271517622272	1
692746621218656258	0
496698590153416704	1
673615400655970304	1
693648684857323521	0
690252631822864384	0
520284654755381249	1
657007736467525632	1
663904307113275392	1
692451275930234880	0
356407105953071107	1
352075672543428608	1
543443188934250496	1
765863022506151937	0
686657138270277634	0
552146635707666433	1
604642913188872192	1
693128224960856064	0
497073936077959169	1
489818014364086273	1
506784541696991232	1
692884886374318081	0
692046121250586624	0
674015148382666752	1
672102358516670465	0
613061089518034944	1
365276206381268995	1
692796451987034113	0
504771233557147648	1
692812029611089920	0
661299012386095105	1
552677176873455616	1
560133068670140417	1
569908998717243392	1
507454543169617920	1
535315394127728641	1
692792765852286977	0
647169573599449088	1
489854703321509888	1
667465205258051584	1
685473149291479040	0
673872171341447169	1
692842124841123842	0
693830499047989248	0
767845555313774593	0
666107476526432256	1
693686290408181760	0
691986377584549888	0
693802524579618816	0
372489152903643136	1
693718533239365633	0
647169726158925824	1
692056985513123840	0
687617323235147776	0
387031585834278912	1
766316494695305218	0
693899062098137088	0
656595123590012928	1
636925368927064064	1
689833530197671936	0
692134022839955456	0
687617735833026560	0
673346166822694914	1
767300637012951040	0
666190716448587776	1
688428083540553728	0
692516224245235712	0
681824512120324096	0
387237225286479872	1
506118402466152449	1
543319210659971073	1
635632641635667968	1
767754921403899906	0
675043569367982081	1
681767380305985536	1
372901260183494656	1
504441156575297536	1
519921456730607616	1
693573781730783232	0
693056396250652672	0
491200302365040640	1
692922211338981377	0
514517213022543872	1
553271856786968576	1
693121477491757056	0
693549273468764160	0
519704006826807296	1
524144369235140608	1
693041285087756288	0
544154048950435840	1
530017051025604609	1
693452449173086210	0
656880145769197568	1
692759090469212160	0
637873886072320001	1
692758050378256388	0
692688891174739968	0
621025025806577664	0
531568534066057217	1
604354747357859842	1
682916727282270208	0
521835345059389440	1
522553662996901888	1
538129041539092480	1
651402689352351744	1
645711628046995462	1
626546123713474560	1
693196937172951040	0
691700082601758720	0
666051332504207360	1
689549346875031552	0
764906140257837056	0
683731779342188545	0
387007120689737729	1
687945926774800385	0
693795905049329664	0
692735698349199360	0
693139276708585472	0
766752508312166402	0
532319110458118144	1
594687353937100801	1
626516248206135296	1
265953285247209472	1
643225207705075716	1
689555819059351552	0
692881863644282880	0
561280944045576192	1
538861627018579968	1
553115168084074497	1
489968646014246912	1
559787890402541568	1
490141776984825856	1
532208816692416512	1
689236842454106113	0
692510002586714113	0
656870311057575936	1
692800345274241025	0
629503919098429440	1
470025166760980483	1
692357775859564544	0
542860306603868160	1
518981379963777025	1
692537942439501824	0
693198912660885505	0
692929779696275456	0
674187250792558592	1
693571567377342466	0
693807822971236353	0
524646141938647043	1
642027433693171712	1
665317131597291520	0
626898253900943360	1
689799953330368513	0
764497123530375169	0
673696115305406466	1
542423103834296323	1
693492159635443714	0
514429381737852929	1
554597409351671808	1
693476901772513280	0
675065047710892033	1
678733118648524800	0
537355288295518210	1
693086218276474880	0
692127290998784001	0
489816746405007360	1
376982539132366848	1
387281927427727360	1
644329878876237824	0
670380354822348801	0
672424512516964352	1
540643709465812992	1
514072132301910016	1
672632863452299264	1
761999790892806144	0
489794696013967360	1
693844030589902848	0
672433211604013057	1
666497286663503872	1
692623941131722752	0
319166636902998016	1
692854695262445568	0
692550140754841603	0
692736398462300162	0
693281966846808064	0
656811196218286080	1
691285663522648065	0
612841482823729152	1
693129259334909952	0
693769968199061504	0
693921710383337472	0
613194145423826944	1
509031495101874176	1
693537938425171968	0
691327238353129472	0
767129248045948929	0
693125234317086720	0
521727831307722753	1
690106189951139840	0
688502260779843587	0
767330549262278658	0
524206851450486785	1
491241885399539712	1
688755462783782912	0
693459931022913536	0
693641113693884416	0
693916809125351425	0
764505291853627392	0
495583434954514432	1
489865454312099840	1
691789524498845699	0
692472216135569409	0
691006265137299456	0
693083689098477568	0
691667941314662400	0
767715524222578688	0
692630756548591616	0
560442390805090307	1
618449248179191808	1
691889802724118532	0
491591245152935936	1
641443248909754368	1
692014905239666688	0
692113839387709444	0
489872119158046720	1
692818857187213313	0
273182568298450945	1
489841070818488320	1
616686132387028992	0
691380138710306816	0
767068504277344260	0
520132836594970625	1
531973383198887936	1
672927317191229440	1
693456340790804480	0
691299810553384960	0
688932211714818048	0
684118654418419712	0
689915847939219456	0
689650617464311813	0
643139873264812032	1
365497016098369536	1
693711272014155776	0
532199717594497024	1
489874311143260160	1
692758581494599681	0
553103772852191233	1
672169954016403456	1
631388553801564160	1
551942365901250560	1
689867195657101312	0
689103487880310785	0
692004901455556608	0
640644123339431936	1
676955015265837056	0
436157173161144321	1
568905632998412288	1
662381914842603520	1
656825206045020160	1
692332739824095234	0
504448356584677377	1
692707593991643136	0
692925163994796033	0
691678576018657281	0
693873151659249669	0
693857551620968448	0
693858804279201794	0
507557659206516736	1
693676692309700609	0
666640008149925893	1
689853056440221696	0
637868242560638980	1
665498651742085124	0
689641419825242112	0
538847758032310272	1
692845716826300418	0
693853982293254144	0
520630231531802624	1
691809004356501505	0
604625816992002049	1
356268980211687424	1
692440373449396224	0
661251968078221312	1
620971220301787136	1
651321040119963648	1
693555965019492352	0
364589696573124609	1
509152237503778816	1
691564354567798784	0
690680310061756416	0
553115236992290816	1
677950378785271808	0
690042063958732800	0
560163341524807680	1
523098334421319680	1
692748204064927745	0
482880640560271361	1
767482587879051265	0
91728807081426944	1
532281981795848192	1
689938201193115648	0
693827886021767169	0
692267960686284800	0
521098692326350848	1
693116426824093696	0
692797856386777089	0
532851585408593920	1
514150992552931328	1
523566838958284801	1
693939356390653952	0
693803472806760448	0
366025766183514112	1
691719802499432448	0
693906624776245249	0
489798752358916096	1
688437279405305856	0
687674548712505346	0
693934062445187072	0
501774615837163521	1
662430295254175744	1
688446106943008768	0
509077805296914432	1
688751183645782016	0
692764799315398656	0
674713782778654721	0
685232704774787072	0
673079581520318464	1
692023417575448576	0
612646796355960832	1
380055172896272384	1
693631772639145984	0
692833140428017664	0
518192429153783808	1
687956181646753792	0
544698560655400961	1
767462297270968321	0
693456387880402944	0
666070802924617728	1
693167683701968896	0
688027085730897921	0
538412662858588160	1
692820029159653377	0
387236601450864641	1
692702295281262593	0
357299879070023680	1
570405783306944514	1
273278761909239808	1
489796998615547904	1
538975342011363328	1
641050980985999360	1
534337548680978432	1
668872645589471232	1
523123779124600833	1
692709993573789701	0
377519445578895360	1
692566765822435328	0
643807909856415744	0
693408117225299968	0
688757736310484994	0
534409916560461825	1
524211911668543488	1
489887806018183168	1
489970164469751808	1
539254751343681536	1
540333359793451008	1
629209452793626624	1
692765809425408000	0
664000310856310784	1
693185853867294721	0
555072815154475008	1
661229627734667264	1
387309869080281088	1
676491949524713473	0
641191076716417025	1
687643002240679936	0
613362193787129860	1
762793077509464064	0
526459255147491328	1
692190570140340229	0
692498490249891842	0
762775964224847872	0
620367840902782976	1
689722724470620161	0
489812926828924928	1
676718762830221312	1
665361505303584774	1
692134721195786240	0
626739062792032256	1
693501482721681408	0
358591089462099968	1
688751061503442944	0
615346611955183616	1
767520433247809536	0
685633217160998912	0
548672230134382592	1
531565935128498176	1
767855091109863424	0
682629960826224646	0
568571403756294144	1
692752491482615808	0
534364937939062784	1
763404633217835009	0
767094580634202112	0
634943791934406657	1
692423131726749697	0
521790189715615744	1
691608761128067072	0
687630364936957952	0
693691456222052352	0
436215971272212480	1
387220814531395584	1
677099574855639044	1
652882609219833856	1
692528931459694592	0
675064077367005184	1
691380348379201536	0
633823543541768192	1
524152657783820288	1
767698691205410816	0
693185488644149248	0
693651239486263296	0
514468018970034176	1
514512849876836352	1
674364257799004160	1
693605375803813889	0
692336523090509824	0
539658034382123008	1
674014933235859456	1
436195672677953536	1
693534177694609409	0
692217618778972161	0
689100941119848449	0
693761289601060864	0
669201837187334144	1
689694470779097088	0
692747901815119872	0
663817239896821760	1
692735354240114688	0
504433135036407808	1
693171092555431936	0
688096910217879554	0
689214940679409664	0
674301413040758785	1
690522824797196288	0
767360696761905153	0
693118410444636161	0
688110059553861634	0
529857740059860992	1
766568413418356736	0
673984270902427650	1
560873850846846978	1
612741808125120513	1
618192748735299584	1
693140340367187969	0
656662726014599168	1
380140114552188928	1
511918957255991296	1
692734579141185536	0
692838349036326912	0
767859423150759936	0
690296550803636224	0
693216311502073856	0
693086478667112448	0
682999206290829312	0
514555852351479808	1
489794593580650497	1
544567299102244864	1
767709416879644672	0
571052823665704960	1
692497796956561408	0
553169307824177152	1
692540218310803456	0
509084603617792001	1
764449685897568256	0
80084555733803009	1
641665203046907904	0
692727606718824448	0
691064699853606913	0
560414522758799361	1
538930446814703616	1
693146363685642240	0
693490132440129536	0
693061713042771968	0
688741019979001856	0
692780496590254081	0
683158807959089152	0
600451916414484480	1
693857080193761285	0
651959206287908868	1
542320823915536384	1
692940257134653441	0
692453106622275585	0
693071700200722433	0
688441130271289350	0
759653274605740032	0
767715489485205505	0
693204708933160960	0
723198441690636288	0
674301960787505153	1
560187970389819392	1
692364468442021889	0
563123548857053184	1
692082337333534720	0
687766167558164481	0
627828211003469825	1
692382471061663744	0
553190393370923008	1
672539897899577344	1
644229386149888001	1
620916279608651776	1
688461902821855232	0
514550436377137152	1
660466342038867969	1
692748411481780224	0
524176293450223616	1
690567125128351744	0
693594331735683072	0
436001434212249600	1
691632933170450435	0
693315824132685824	0
656848877463560192	0
628045645010608128	1
692287441168900097	0
688520025754304512	0
765779159176077312	0
661222523275636736	1
693560600471863296	0
693076140278153217	0
669259395902152704	1
658462819667615744	1
693122701569974273	0
767170849472405508	0
693107789007339521	0
519929168864497664	1
633397936563560449	0
557885928417816576	1
688366079396163584	0
693481256735150082	0
553061846081896449	1
764620072228970496	0
693785810311778304	0
519867098945044480	1
764653644138450945	0
692463948076093440	0
387030572779847680	1
539813330983354368	1
690969315470868480	0
693822949456007169	0
693136527816331264	0
692946556396244992	0
767355611277168642	0
626770498328895488	1
666335363099660288	0
692078399012130816	0
543586319168196608	1
676067381299576832	1
386998038004113409	1
613425834301485056	1
504453071041482753	1
689208632148365314	0
662151653462790144	1
693926742814281729	0
693204483501887488	0
688147918113538049	0
528389559441444864	1
513437031020916738	1
648310692794109952	1
507634536176300032	1
691206970074738688	0
692874200927698945	0
693546915892428800	0
689890946683576322	0
693643778033344512	0
318263294098030593	1
531607884220485632	1
519447199164665856	1
532284831783460864	1
693119705469587456	0
674229534888185856	1
509114008587100160	1
387006700609228801	1
692393375891361794	0
692743102432346113	0
766715993385267201	0
692142338890661888	0
489829414704648192	1
656830586577883136	1
687632433483759616	0
693032076543655936	0
693321561542127616	0
647168914955243520	1
613114185505996802	1
693487871806689280	0
613404935003217920	1
560474897013415936	1
767203096472719364	0
647193820812177408	1
534392174876839936	1
665309822208729088	0
693492349142433792	0
524186749002473472	1
693648675772436480	0
568580363339091968	1
675005503160901632	1
686493272806576128	0
765859710503378944	0
665364878287224834	1
692024256520179712	0
611039775856812032	1
692665281362202624	0
387353560356118528	1
693662456393134080	0
489867900296368129	1
365056836476481537	1
524181699043663872	1
654371696195993600	1
690680149164085248	0
693722259740069889	0
690137637810761728	0
532106726539939841	1
692098463262216192	0
386682163862986752	1
436074888638763008	1
692692529779707904	0
693079616072880128	0
623818627054206977	1
690650123358093312	0
693344498953383936	0
692290126282649601	0
691995324752252930	0
687911282922631168	0
767861179951648768	0
692031224227958789	0
663722803489808384	1
489974591985840128	1
686666933949837312	0
723025600810766336	0
767092161716350980	0
547101266313089024	1
691791477912014850	0
656047932093763584	1
687786822475366401	0
693080409282846720	0
676094756758364160	1
489798219283857408	1
693140568143220736	0
534278078105944064	1
450341615979069440	1
767561970182598657	0
693595814401327104	0
693217698482933760	0
647464349611589632	1
687631811560763392	0
516856061182345216	1
534461459938304001	1
532246457609244672	1
767355933919997952	0
693509689418588160	0
364383457545162754	1
765934198297362432	0
693457310824468480	0
693123067204243456	0
693466724822323200	0
688763099298529280	0
554343513887105024	1
633949800761700352	1
641088973717110784	1
524178388282802176	1
690376107825192960	0
504450741126582275	1
693502060545703937	0
570341828479725570	1
626642648179159040	1
518665533089406976	1
690920430287331328	0
626897206717624320	1
376874273601630208	1
523562674487975937	1
688763993633107968	0
514517470238240768	1
692581635594694658	0
654343805081157633	1
553264892799488000	1
637382230394822656	1
688752484966363136	0
638050997340893184	1
764573523713011713	0
767710042816602112	0
